104171935
94393454
83654250
80921527
79699762
78327479
75715474
70314462
66002414
65933145
65670697
63625534
60786937
60248741
59732147
58813103
58698000
58266515
57849814
55892428
55631385
54969536
53099282
52640043
50397928
47496614
46039137
45736700
44680555
44584603
44422022
44335198
44131031
43302381
43136795
42296322
42261309
41985810
41980515
41975090
41923399
41738662
41622594
41410254
40460135
40289969
39534991
39000563
37413728
37283987
101491106
89938628
78014841
76942493
75316718
74989795
74937004
68283407
65766986
65512163
61836781
61032022
60053387
58284864
56827154
55449000
55201915
54053905
54014502
52808013
50057887
49412750
48938424
46779554
45981773
45356580
44876627
44350247
44003840
43023224
42340461
42244842
41036847
40981522
40637377
40422156
40271343
39914103
39721619
39674095
39213865
39090699
38727749
38473333
38433288
37523345
37494704
37268307
36583459
36556281
96178899
86128270
73408489
72826565
70663265
70475636
69999010
63813756
63554402
63121786
59566132
57221169
56767108
54978023
54780346
54093000
53472514
53254533
51687894
48930409
47114631
46423352
45662322
44279504
42869517
42125212
41822863
41239700
40941879
39765714
39752819
39700515
38863380
38569088
38506467
38105747
37971135
37712357
37540326
37497941
36272701
35804465
35714091
35610759
35535206
35147083
34993738
34255739
34015169
33108047
94430785
83712355
72368030
68906636
66883271
66702252
66431533
62052917
60436266
59701543
59609414
58036948
53726087
52569250
52556359
52450262
51363451
51172626
50413204
47498157
47189849
44944201
43456310
41856787
41679758
40563071
40318451
39865325
39729027
38672644
38254039
36712455
36460923
36165762
36037962
35599643
35448590
35341341
35210735
35016236
34973645
34824281
33870693
33445817
32856597
32389544
32268457
31940026
31534638
30765078
94956643
81929359
70037417
67788722
66834931
63688121
61611934
58591842
57730732
57684550
57520001
56064248
53156278
53002328
51181804
51035590
49293587
48548430
45175501
44992420
44880164
44431894
41666527
41226035
40452009
40022736
39887866
39467444
39154375
38360604
37342798
36980161
35214430
35131771
34912456
34222405
34211608
33993962
33828726
33219723
33125768
32874530
32477646
32205358
31878935
31599353
30228596
30038696
29569725
29431084
92389023
78675058
69433565
66701241
62584826
61862052
60970551
57832495
56436255
53328613
52849132
51533187
50977960
49755252
49653055
47910904
47644060
46543845
45040340
41447730
40927786
40591948
40560285
40128953
39043708
38314389
37763701
37704510
37651222
37406025
36022614
35356991
35191825
34729467
34387597
33668048
33577154
33434199
33112442
33074443
32820060
32419181
30839130
30439122
30371131
29551394
29073990
28866313
28245745
28060111
89331622
73948113
66774738
65884143
64211074
59070127
58167062
56906610
53009221
52209377
50348960
49844596
47180628
46514154
45211749
44355998
42784967
42038777
40975673
40578621
40479569
39757359
39253999
38554215
38254207
36227778
35991917
35698025
34877899
34721605
34087636
33815906
33605579
33133852
32749649
32377064
32165817
31937895
31553166
31378644
31298812
30775271
29197135
28531607
28137797
27731252
27432346
27429152
27148724
26713610